     3
     6
    39
    24
     9
   -10
   -35
   -58
   -77
   -98
  -117
  -134
  -145
  -155
  -166
  -176
  -181
  -185
  -191
  -193
  -192
  -192
  -193
  -193
  -189
  -183
  -181
  -179
  -171
  -164
  -160
  -154
  -146
  -137
  -131
  -125
  -116
  -108
  -103
   -96
   -85
   -77
   -70
   -62
   -51
   -41
   -35
   -27
   -16
    -8
    -3
     3
    11
    16
    17
    18
    20
    21
    16
    13
    11
     8
     0
    -8
   -12
   -19
   -29
   -38
   -42
   -48
   -56
   -62
   -64
   -66
   -72
   -76
   -75
   -76
   -79
   -80
   -77
   -75
   -76
   -74
   -69
   -65
   -66
   -62
   -56
   -52
   -50
   -46
   -40
   -34
   -31
   -29
   -20
   -15
   -13
   -10
    -3
     3
     4
     7
    13
    18
    18
    21
    27
    32
    31
    33
    39
    42
    42
    44
    48
    51
    51
    51
    56
    58
    56
    55
    58
    59
    57
    54
    57
    58
    55
    53
    54
    55
    51
    49
    51
    50
    46
    43
    46
    45
    40
    38
    40
    40
    36
    35
    37
    37
    35
    34
    37
    39
    36
    36
    40
    42
    40
    40
    45
    47
    47
    47
    50
    52
    51
    53
    57
    59
    57
    57
    61
    62
    60
    59
    61
    59
    49
    38
    28
    13
   -11
   -35
   -58
   -82
  -108
  -131
  -146
  -160
  -176
  -190
  -195
  -203
  -213
  -218
  -219
  -222
  -227
  -229
  -227
  -224
  -225
  -223
  -217
  -213
  -212
  -209
  -199
  -193
  -191
  -186
  -176
  -169
  -165
  -161
  -150
  -142
  -138
  -134
  -124
  -116
  -113
  -107
   -95
   -88
   -83
   -77
   -65
   -57
   -55
   -50
   -42
   -38
   -39
   -40
   -37
   -37
   -44
   -47
   -46
   -50
   -57
   -64
   -66
   -69
   -78
   -84
   -86
   -90
   -97
  -101
  -102
  -104
  -109
  -112
  -111
  -110
  -113
  -113
  -108
  -107
  -108
  -107
  -100
   -97
   -96
   -93
   -86
   -82
   -82
   -78
   -69
   -65
   -63
   -60
   -52
   -46
   -45
   -41
   -34
   -28
   -27
   -23
   -15
   -10
   -10
    -6
     2
     7
     6
     9
    15
    20
    17
    17
    23
    26
    25
    24
    28
    29
    26
    25
    29
    32
    28
    27
    30
    32
    29
    27
    31
    30
    25
    22
    25
    25
    21
    18
    21
    21
    17
    16
    20
    19
    16
    15
    18
    18
    14
    15
    19
    20
    17
    15
    20
    22
    19
    20
    25
    28
    26
    27
    35
    36
    35
    36
    43
    47
    46
    46
    51
    55
    52
    52
    56
    60
    56
    55
    59
    61
    57
    55
    57
    55
    44
    31
    20
     1
   -24
   -50
   -73
   -96
  -123
  -145
  -158
  -172
  -188
  -200
  -205
  -211
  -221
  -226
  -227
  -227
  -233
  -235
  -231
  -230
  -233
  -233
  -225
  -221
  -222
  -219
  -209
  -203
  -201
  -196
  -186
  -178
  -175
  -168
  -158
  -149
  -146
  -139
  -128
  -119
  -116
  -109
   -98
   -89
   -85
   -79
   -67
   -61
   -59
   -57
   -50
   -46
   -48
   -51
   -46
   -46
   -52
   -55
   -54
   -57
   -65
   -72
   -75
   -78
   -89
   -94
   -95
   -99
  -107
  -112
  -110
  -113
  -119
  -121
  -118
  -116
  -120
  -121
  -117
  -112
  -113
  -112
  -106
  -101
  -103
  -100
   -92
   -86
   -86
   -84
   -75
   -69
   -69
   -64
   -55
   -50
   -50
   -47
   -38
   -33
   -33
   -32
   -25
   -20
   -22
   -19
   -13
    -6
    -7
    -5
     0
     5
     4
     6
    12
    14
    11
    11
    16
    18
    15
    14
    18
    20
    15
    14
    19
    19
    14
    12
    15
    16
    10
     9
    13
    14
     9
     6
    10
    12
     6
     3
     7
     9
     4
     2
     6
     8
     2
     3
     7
     9
     7
     5
    10
    13
     9
    10
    17
    20
    17
    17
    24
    26
    26
    27
    33
    37
    35
    36
    41
    45
    43
    43
    48
    52
    49
    49
    54
    57
    54
    54
    58
    60
    54
    53
    54
    49
    36
    23
    11
    -7
   -33
   -56
   -74
   -94
  -117
  -135
  -147
  -159
  -174
  -184
  -188
  -193
  -202
  -206
  -205
  -204
  -210
  -210
  -204
  -201
  -203
  -201
  -193
  -186
  -186
  -182
  -172
  -164
  -163
  -156
  -145
  -137
  -134
  -127
  -116
  -105
  -102
   -93
   -79
   -68
   -63
   -55
   -42
   -31
   -27
   -21
   -11
    -6
    -8
    -7
    -2
    -1
    -7
   -11
   -13
   -16
   -25
   -32
   -33
   -38
   -50
   -56
   -58
   -63
   -74
   -80
   -79
   -82
   -90
   -94
   -92
   -92
   -99
   -99
   -96
   -93
   -95
   -94
   -89
   -83
   -86
   -84
   -76
   -70
   -71
   -68
   -62
   -56
   -56
   -53
   -43
   -39
   -40
   -37
   -29
   -23
   -23
   -20
   -13
    -7
    -8
    -6
     2
     7
     5
     9
    15
    20
    16
    18
    25
    29
    28
    28
    33
    37
    33
    33
    38
    41
    37
    37
    40
    42
    38
    37
    42
    43
    36
    35
    39
    39
    34
    32
    36
    36
    30
    29
    33
    33
    28
    27
    30
    31
    25
    25
    29
    31
    26
    25
    29
    31
    28
    27
    33
    36
    33
    33
    38
    40
    38
    37
    41
    44
    39
    40
    44
    47
    44
    44
    47
    49
    44
    42
    40
    33
    18
     3
   -11
   -29
   -53
   -76
   -93
  -110
  -131
  -148
  -155
  -167
  -181
  -190
  -194
  -197
  -206
  -210
  -209
  -209
  -214
  -214
  -210
  -207
  -210
  -207
  -200
  -194
  -193
  -191
  -182
  -174
  -172
  -166
  -154
  -145
  -143
  -137
  -126
  -116
  -113
  -106
   -93
   -84
   -79
   -72
   -62
   -51
   -48
   -43
   -34
   -27
   -28
   -28
   -24
   -23
   -28
   -31
   -32
   -32
   -41
   -47
   -48
   -51
   -62
   -68
   -70
   -75
   -86
   -92
   -91
   -93
  -101
  -105
  -105
  -104
  -109
  -109
  -104
  -103
  -105
  -105
   -99
   -95
   -96
   -93
   -87
   -82
   -83
   -79
   -72
   -66
   -66
   -63
   -55
   -48
   -47
   -44
   -36
   -30
   -31
   -27
   -19
   -14
   -13
   -11
    -3
     1
     0
     2
     8
    12
    10
    12
    19
    21
    20
    22
    27
    29
    27
    26
    31
    33
    28
    28
    32
    33
    30
    28
    31
    32
    28
    27
    30
    31
    26
    26
    29
    30
    25
    23
    27
    27
    21
    21
    24
    24
    20
    20
    22
    25
    21
    21
    23
    24
    22
    22
    27
    29
    26
    27
    32
    34
    32
    34
    37
    40
    36
    40
    44
    47
    45
    47
    51
    54
    51
    53
    56
    59
    57
    56
    59
    59
    54
    50
    44
    36
    18
    -1
   -19
   -43
   -73
   -99
  -120
  -138
  -160
  -177
  -188
  -199
  -213
  -221
  -226
  -232
  -241
  -246
  -247
  -249
  -256
  -257
  -254
  -252
  -254
  -250
  -244
  -240
  -238
  -233
  -227
  -219
  -218
  -211
  -202
  -194
  -190
  -184
  -176
  -170
  -167
  -161
  -151
  -144
  -140
  -133
  -123
  -114
  -110
  -102
   -93
   -87
   -85
   -80
   -75
   -72
   -74
   -74
   -72
   -74
   -77
   -80
   -80
   -84
   -89
   -92
   -93
   -96
  -104
  -107
  -109
  -113
  -120
  -122
  -122
  -124
  -129
  -129
  -128
  -129
  -132
  -130
  -127
  -125
  -126
  -123
  -119
  -116
  -116
  -112
  -104
  -100
   -99
   -94
   -88
   -85
   -83
   -77
   -72
   -68
   -66
   -61
   -55
   -51
   -49
   -44
   -38
   -34
   -33
   -30
   -23
   -20
   -20
   -15
   -10
    -8
    -8
    -5
     1
     2
     1
     3
     7
     7
     6
     7
    10
    10
     9
    10
    12
    13
    11
    12
    14
    14
    11
    12
    13
    12
     9
    10
     9
    10
     7
     8
    10
    10
     9
    10
    12
    13
    12
    14
    16
    16
    14
    16
    18
    20
    18
    21
    23
    25
    25
    27
    29
    31
    30
    35
    39
    40
    40
    42
    45
    46
    46
    48
    49
    51
    50
    51
    52
    52
    48
    48
    46
    38
    24
    12
    -6
   -27
   -52
   -73
   -94
  -116
  -137
  -152
  -167
  -180
  -194
  -203
  -209
  -217
  -226
  -230
  -234
  -238
  -242
  -242
  -241
  -241
  -242
  -239
  -237
  -232
  -229
  -224
  -220
  -213
  -210
  -200
  -193
  -187
  -182
  -173
  -164
  -158
  -152
  -143
  -136
  -129
  -123
  -113
  -104
   -96
   -90
   -82
   -76
   -71
   -68
   -64
   -61
   -60
   -63
   -61
   -62
   -64
   -68
   -68
   -71
   -75
   -81
   -83
   -87
   -92
  -100
  -102
  -106
  -109
  -114
  -114
  -116
  -117
  -121
  -119
  -116
  -117
  -119
  -115
  -113
  -112
  -113
  -108
  -104
  -103
  -101
   -97
   -91
   -90
   -88
   -82
   -78
   -75
   -71
   -66
   -62
   -57
   -55
   -48
   -45
   -41
   -40
   -34
   -28
   -27
   -25
   -19
   -15
   -14
   -14
    -9
    -4
    -3
    -4
     0
     2
     3
     4
     7
     9
     9
     9
    12
    14
    13
    11
    13
    13
    12
    11
    13
    13
    12
     9
    12
    12
    11
    10
    11
    11
     9
     7
     9
    10
     8
     6
     7
     8
     8
     7
    11
    11
    10
     8
    12
    14
    15
    15
    19
    20
    20
    19
    21
    23
    22
    20
    23
    26
    26
    26
    29
    31
    31
    30
    32
    33
    31
    24
    22
    16
     3
   -13
   -27
   -43
   -62
   -82
   -98
  -114
  -130
  -144
  -154
  -163
  -174
  -184
  -189
  -194
  -200
  -205
  -206
  -209
  -211
  -214
  -212
  -209
  -209
  -209
  -204
  -201
  -196
  -192
  -184
  -176
  -171
  -166
  -157
  -150
  -142
  -135
  -125
  -118
  -110
  -101
   -90
   -81
   -73
   -65
   -56
   -48
   -45
   -40
   -34
   -30
   -31
   -33
   -32
   -33
   -36
   -40
   -42
   -46
   -52
   -57
   -60
   -63
   -69
   -75
   -77
   -81
   -87
   -91
   -92
   -94
   -97
  -100
   -99
   -99
  -101
  -103
  -101
  -100
  -100
  -100
   -95
   -92
   -92
   -89
   -84
   -80
   -79
   -77
   -69
   -65
   -63
   -61
   -54
   -50
   -48
   -44
   -38
   -35
   -33
   -30
   -23
   -19
   -18
   -15
    -9
    -6
    -5
    -3
     1
     3
     4
     6
    10
    11
    12
    11
    15
    17
    16
    16
    19
    19
    18
    18
    21
    23
    20
    19
    21
    21
    20
    19
    21
    22
    19
    19
    21
    21
    19
    17
    19
    20
    17
    17
    19
    19
    17
    17
    19
    19
    17
    16
    19
    21
    19
    18
    21
    22
    20
    19
    21
    18
    13
     8
     4
    -6
   -19
   -34
   -48
   -66
   -86
  -105
  -119
  -134
  -149
  -162
  -170
  -180
  -190
  -198
  -202
  -207
  -213
  -217
  -217
  -220
  -223
  -224
  -220
  -218
  -218
  -216
  -210
  -206
  -203
  -198
  -189
  -183
  -178
  -174
  -164
  -157
  -152
  -144
  -135
  -128
  -123
  -115
  -105
   -97
   -91
   -83
   -73
   -67
   -60
   -55
   -47
   -45
   -44
   -42
   -39
   -40
   -44
   -46
   -46
   -50
   -56
   -60
   -62
   -65
   -73
   -78
   -78
   -83
   -87
   -91
   -91
   -93
   -96
   -99
   -98
   -99
  -102
  -103
  -101
  -101
  -102
  -101
   -97
   -94
   -93
   -92
   -85
   -82
   -81
   -76
   -70
   -68
   -66
   -62
   -56
   -52
   -50
   -45
   -39
   -36
   -33
   -29
   -23
   -18
   -17
   -13
    -7
    -6
    -3
     0
     5
     6
     7
     9
    14
    16
    16
    17
    21
    22
    22
    23
    27
    27
    25
    24
    28
    27
    25
    23
    26
    26
    25
    24
    28
    28
    26
    26
    28
    27
    26
    26
    28
    27
    26
    24
    28
    28
    26
    26
    30
    29
    29
    29
    33
    34
    34
    36
    39
    40
    39
    39
    43
    42
    41
    39
    42
    43
    42
    42
    45
    42
    37
    32
    27
    16
    -1
   -18
   -34
   -56
   -78
   -98
  -113
  -130
  -146
  -159
  -169
  -181
  -192
  -202
  -206
  -212
  -219
  -223
  -224
  -227
  -230
  -231
  -228
  -228
  -228
  -226
  -220
  -218
  -215
  -209
  -201
  -195
  -192
  -186
  -178
  -174
  -169
  -162
  -153
  -148
  -142
  -134
  -125
  -117
  -112
  -105
   -96
   -89
   -84
   -80
   -71
   -66
   -65
   -64
   -59
   -59
   -61
   -62
   -60
   -61
   -65
   -67
   -66
   -70
   -75
   -79
   -79
   -83
   -88
   -91
   -90
   -92
   -96
  -100
   -96
   -97
   -99
   -99
   -96
   -93
   -95
   -93
   -88
   -87
   -87
   -85
   -77
   -76
   -75
   -71
   -63
   -60
   -58
   -54
   -47
   -45
   -43
   -40
   -32
   -27
   -26
   -23
   -16
   -13
   -13
   -10
    -4
    -2
    -1
     2
     8
     9
     9
    11
    17
    18
    16
    18
    22
    23
    22
    22
    25
    25
    24
    23
    27
    27
    25
    24
    27
    27
    25
    24
    29
    27
    24
    25
    28
    26
    24
    25
    29
    28
    26
    26
    30
    30
    28
    27
    31
    31
    28
    32
    35
    34
    32
    34
    38
    39
    39
    39
    46
    47
    47
    50
    55
    55
    55
    56
    60
    61
    59
    60
    64
    63
    61
    62
    65
    66
    62
    60
    63
    58
    48
    41
    30
    14
    -8
   -27
   -44
   -64
   -85
  -102
  -115
  -130
  -146
  -156
  -161
  -170
  -179
  -184
  -187
  -194
  -199
  -200
  -199
  -201
  -203
  -203
  -199
  -197
  -197
  -194
  -188
  -184
  -181
  -176
  -166
  -160
  -155
  -147
  -138
  -133
  -128
  -122
  -111
  -104
  -100
   -93
   -82
   -74
   -68
   -61
   -52
   -47
   -45
   -40
   -33
   -31
   -32
   -32
   -29
   -32
   -37
   -38
   -37
   -41
   -47
   -51
   -51
   -56
   -61
   -64
   -62
   -66
   -71
   -74
   -72
   -75
   -77
   -79
   -76
   -77
   -79
   -78
   -74
   -73
   -73
   -70
   -64
   -61
   -62
   -58
   -51
   -49
   -49
   -44
   -37
   -34
   -34
   -30
   -23
   -20
   -18
   -15
    -7
    -5
    -4
    -1
     6
     9
     9
    12
    20
    21
    22
    26
    31
    32
    32
    34
    40
    40
    40
    40
    45
    46
    44
    46
    50
    49
    48
    46
    51
    49
    47
    46
    50
    49
    46
    46
    48
    45
    43
    44
    46
    45
    42
    42
    45
    41
    40
    41
    43
    42
    39
    40
    44
    44
    41
    42
    45
    45
    43
    43
    49
    49
    48
    50
    56
    57
    56
    57
    63
    63
    62
    64
    69
    70
    67
    70
    74
    73
    72
    73
    77
    76
    74
    75
    79
    74
    67
    60
    53
    40
    23
     6
   -10
   -30
   -50
   -66
   -79
   -95
  -109
  -120
  -127
  -135
  -144
  -151
  -153
  -158
  -164
  -167
  -166
  -168
  -171
  -170
  -166
  -165
  -164
  -161
  -153
  -149
  -147
  -141
  -132
  -127
  -124
  -116
  -105
   -98
   -94
   -85
   -74
   -67
   -61
   -51
   -38
   -30
   -24
   -17
    -7
    -3
    -1
     2
     7
     7
     4
     3
     3
    -2
    -8
   -11
   -11
   -17
   -24
   -27
   -29
   -35
   -39
   -43
   -43
   -48
   -53
   -55
   -55
   -58
   -61
   -62
   -59
   -59
   -63
   -61
   -58
   -56
   -57
   -54
   -49
   -48
   -47
   -44
   -37
   -34
   -34
   -30
   -24
   -22
   -20
   -17
   -11
    -7
    -7
    -2
     5
     8
    11
    16
    24
    28
    29
    32
    35
    35
    34
    37
    41
    41
    41
    43
    48
    49
    46
    47
    52
    51
    50
    50
    54
    53
    50
    49
    53
    53
    49
    49
    52
    52
    49
    49
    51
    48
    45
    44
    45
    44
    42
    41
    45
    44
    41
    40
    44
    44
    42
    42
    46
    45
    44
    44
    48
    46
    45
    46
    49
    49
    47
    46
    52
    53
    49
    50
    53
    49
    43
    40
    36
    25
    10
    -5
   -19
   -36
   -56
   -73
   -85
  -101
  -117
  -128
  -135
  -145
  -156
  -163
  -164
  -170
  -175
  -177
  -175
  -178
  -181
  -181
  -177
  -176
  -176
  -172
  -167
  -163
  -161
  -156
  -147
  -142
  -137
  -129
  -120
  -113
  -108
  -101
   -89
   -83
   -76
   -68
   -56
   -49
   -43
   -35
   -24
   -18
   -15
    -9
    -4
    -3
    -6
    -6
    -4
    -7
   -10
   -13
   -14
   -20
   -27
   -33
   -34
   -39
   -45
   -48
   -48
   -53
   -59
   -61
   -59
   -63
   -66
   -68
   -65
   -66
   -69
   -69
   -66
   -66
   -65
   -62
   -57
   -57
   -55
   -50
   -44
   -43
   -41
   -39
   -30
   -29
   -28
   -24
   -17
   -13
   -11
    -9
     0
     2
     3
     8
    14
    17
    17
    21
    26
    27
    27
    30
    35
    36
    36
    39
    43
    44
    43
    45
    50
    51
    51
    51
    56
    53
    53
    53
    57
    54
    53
    52
    55
    53
    51
    50
    53
    53
    50
    50
    53
    50
    48
    47
    51
    49
    47
    46
    49
    47
    45
    46
    49
    50
    48
    48
    51
    52
    49
    50
    55
    55
    54
    55
    61
    61
    59
    60
    64
    64
    61
    61
    65
    65
    63
    66
    69
    68
    63
    59
    58
    50
    34
    17
     1
   -22
   -44
   -66
   -82
  -101
  -121
  -136
  -146
  -159
  -172
  -182
  -187
  -194
  -203
  -207
  -209
  -215
  -219
  -220
  -219
  -219
  -221
  -219
  -215
  -211
  -210
  -205
  -196
  -193
  -188
  -182
  -173
  -168
  -164
  -158
  -148
  -141
  -137
  -130
  -119
  -112
  -108
   -99
   -88
   -82
   -78
   -71
   -61
   -57
   -56
   -53
   -47
   -47
   -49
   -49
   -46
   -49
   -53
   -55
   -54
   -59
   -63
   -66
   -66
   -71
   -77
   -81
   -80
   -84
   -89
   -92
   -90
   -92
   -95
   -95
   -92
   -94
   -95
   -94
   -88
   -87
   -88
   -85
   -78
   -77
   -75
   -72
   -65
   -62
   -59
   -54
   -46
   -41
   -39
   -36
   -27
   -25
   -23
   -19
   -11
    -8
    -7
    -5
     3
     6
     7
    10
    15
    17
    17
    21
    26
    27
    27
    28
    34
    34
    33
    34
    38
    38
    37
    38
    41
    40
    38
    37
    41
    40
    37
    37
    42
    40
    37
    38
    40
    38
    35
    35
    38
    37
    34
    34
    36
    35
    32
    31
    35
    34
    32
    33
    36
    35
    34
    34
    39
    39
    38
    40
    44
    44
    43
    45
    50
    50
    50
    52
    57
    57
    57
    57
    62
    62
    60
    60
    64
    64
    62
    60
    63
    59
    53
    45
    39
    25
     6
   -14
   -32
   -55
   -79
  -100
  -115
  -131
  -149
  -162
  -171
  -183
  -195
  -203
  -206
  -212
  -220
  -224
  -224
  -228
  -233
  -234
  -231
  -231
  -232
  -229
  -222
  -221
  -218
  -212
  -204
  -200
  -196
  -190
  -180
  -173
  -170
  -163
  -154
  -149
  -145
  -140
  -129
  -122
  -118
  -111
   -99
   -94
   -88
   -83
   -75
   -71
   -71
   -69
   -64
   -63
   -66
   -66
   -65
   -68
   -72
   -75
   -74
   -77
   -83
   -88
   -87
   -91
   -95
   -99
   -98
  -102
  -106
  -107
  -105
  -106
  -109
  -108
  -105
  -105
  -107
  -106
  -100
   -99
   -98
   -95
   -88
   -86
   -85
   -81
   -74
   -70
   -69
   -65
   -58
   -53
   -53
   -47
   -39
   -37
   -36
   -31
   -25
   -23
   -22
   -19
   -12
    -8
    -8
    -5
     1
     1
     2
     6
    12
    13
    13
    15
    19
    19
    18
    19
    23
    24
    22
    22
    25
    25
    24
    26
    30
    29
    25
    25
    29
    28
    26
    25
    28
    27
    24
    22
    25
    24
    22
    22
    26
    25
    23
    22
    26
    25
    22
    22
    25
    26
    24
    24
    28
    28
    27
    29
    32
    34
    33
    34
    39
    40
    40
    42
    48
    49
    49
    49
    54
    56
    56
    56
    60
    60
    59
    59
    62
    61
    59
    57
    58
    51
    41
    29
    18
     1
   -20
   -41
   -60
   -79
  -100
  -115
  -126
  -141
  -155
  -166
  -170
  -179
  -188
  -194
  -197
  -201
  -206
  -206
  -204
  -204
  -206
  -204
  -198
  -195
  -194
  -191
  -182
  -179
  -175
  -168
  -159
  -154
  -150
  -142
  -132
  -127
  -121
  -113
  -102
   -95
   -88
   -78
   -68
   -60
   -55
   -48
   -39
   -35
   -33
   -29
   -25
   -23
   -25
   -26
   -25
   -27
   -31
   -35
   -35
   -39
   -45
   -49
   -49
   -54
   -59
   -62
   -62
   -64
   -69
   -72
   -71
   -73
   -76
   -77
   -75
   -76
   -77
   -76
   -71
   -71
   -71
   -68
   -62
   -60
   -59
   -56
   -49
   -47
   -44
   -39
   -33
   -29
   -27
   -25
   -18
   -14
   -13
   -10
    -3
    -1
     2
     5
    13
    16
    18
    20
    25
    27
    28
    30
    36
    37
    38
    40
    44
    45
    45
    47
    50
    49
    48
    48
    52
    50
    49
    51
    54
    53
    52
    51
    54
    53
    51
    52
    54
    52
    49
    48
    51
    49
    47
    47
    50
    49
    46
    47
    50
    50
    48
    50
    53
    53
    52
    52
    55
    54
    54
    54
    58
    58
    58
    59
    62
    62
    63
    62
    65
    63
    62
    59
    58
    50
    38
    28
    17
     1
   -17
   -32
   -44
   -60
   -76
   -89
   -97
  -109
  -118
  -125
  -129
  -136
  -142
  -146
  -145
  -148
  -151
  -152
  -148
  -148
  -148
  -146
  -139
  -137
  -133
  -131
  -122
  -117
  -113
  -107
   -97
   -90
   -85
   -77
   -66
   -58
   -52
   -42
   -31
   -21
   -13
    -5
     6
    12
    16
    20
    27
    28
    27
    26
    28
    25
    20
    17
    15
     9
     4
     0
    -2
    -8
   -14
   -18
   -21
   -26
   -31
   -34
   -34
   -38
   -42
   -43
   -42
   -43
   -46
   -44
   -41
   -40
   -42
   -41
   -38
   -37
   -37
   -35
   -31
   -28
   -28
   -27
   -21
   -19
   -17
   -14
    -8
    -6
    -4
    -1
     3
     6
     7
    12
    18
    20
    24
    28
    34
    37
    38
    40
    45
    46
    48
    50
    54
    56
    55
    56
    59
    60
    58
    60
    62
    62
    61
    60
    64
    63
    62
    62
    65
    64
    61
    61
    62
    61
    59
    58
    60
    58
    56
    57
    59
    59
    56
    55
    57
    56
    54
    55
    57
    56
    54
    53
    56
    54
    53
    53
    55
    55
    53
    53
    55
    54
    50
    46
    41
    32
    18
     2
   -13
   -34
   -54
   -73
   -88
  -106
  -123
  -138
  -148
  -160
  -171
  -178
  -184
  -190
  -197
  -201
  -202
  -206
  -209
  -209
  -206
  -205
  -205
  -203
  -197
  -195
  -192
  -187
  -180
  -175
  -172
  -165
  -157
  -153
  -148
  -141
  -132
  -126
  -120
  -116
  -106
   -98
   -93
   -85
   -75
   -67
   -60
   -54
   -46
   -42
   -40
   -37
   -33
   -34
   -35
   -36
   -36
   -40
   -44
   -47
   -49
   -52
   -58
   -63
   -66
   -69
   -75
   -79
   -80
   -84
   -88
   -89
   -89
   -91
   -93
   -91
   -89
   -88
   -89
   -88
   -83
   -82
   -80
   -78
   -73
   -72
   -69
   -66
   -59
   -56
   -53
   -50
   -44
   -41
   -38
   -33
   -26
   -23
   -19
   -14
    -7
    -3
    -1
     3
     9
    12
    14
    17
    22
    25
    26
    29
    33
    32
    34
    35
    40
    40
    41
    43
    46
    46
    46
    46
    48
    47
    46
    46
    47
    45
    46
    45
    46
    45
    44
    43
    45
    46
    45
    45
    47
    46
    45
    45
    46
    45
    44
    44
    46
    45
    45
    46
    48
    48
    48
    50
    53
    53
    53
    53
    55
    54
    52
    51
    54
    53
    54
    54
    56
    54
    52
    48
    42
    34
    20
     4
   -11
   -31
   -51
   -70
   -87
  -105
  -121
  -134
  -146
  -158
  -169
  -179
  -183
  -191
  -198
  -204
  -206
  -210
  -213
  -214
  -213
  -212
  -213
  -210
  -205
  -201
  -198
  -195
  -188
  -183
  -178
  -173
  -164
  -158
  -152
  -146
  -137
  -131
  -124
  -118
  -109
  -102
   -94
   -85
   -76
   -69
   -63
   -57
   -49
   -47
   -43
   -40
   -36
   -35
   -36
   -36
   -35
   -37
   -40
   -43
   -45
   -48
   -52
   -55
   -57
   -61
   -66
   -70
   -72
   -76
   -80
   -81
   -81
   -83
   -84
   -84
   -83
   -82
   -82
   -82
   -78
   -76
   -75
   -71
   -67
   -64
   -63
   -60
   -54
   -52
   -49
   -45
   -39
   -35
   -32
   -28
   -22
   -18
   -16
   -12
    -6
    -1
     0
     3
     8
    10
    12
    14
    18
    20
    21
    23
    27
    27
    29
    31
    33
    33
    35
    35
    38
    38
    38
    38
    40
    38
    38
    37
    39
    39
    38
    38
    38
    38
    37
    36
    36
    34
    33
    34
    34
    31
    32
    32
    32
    32
    31
    31
    32
    32
    32
    32
    35
    34
    36
    37
    40
    41
    41
    42
    46
    47
    47
    48
    50
    52
    53
    52
    55
    57
    57
    57
    57
    58
    56
    56
    55
    50
    43
    33
    21
     6
   -11
   -28
   -46
   -67
   -84
  -100
  -113
  -128
  -140
  -150
  -159
  -167
  -174
  -180
  -183
  -188
  -190
  -191
  -191
  -193
  -193
  -190
  -187
  -186
  -185
  -181
  -176
  -172
  -167
  -162
  -154
  -149
  -143
  -136
  -128
  -122
  -116
  -107
   -99
   -91
   -83
   -74
   -66
   -56
   -50
   -42
   -35
   -31
   -27
   -24
   -22
   -22
   -22
   -23
   -25
   -27
   -30
   -34
   -37
   -43
   -47
   -50
   -54
   -58
   -62
   -66
   -67
   -70
   -74
   -76
   -78
   -79
   -80
   -81
   -80
   -83
   -81
   -79
   -76
   -75
   -73
   -72
   -68
   -64
   -61
   -58
   -53
   -51
   -47
   -44
   -39
   -35
   -32
   -30
   -25
   -21
   -18
   -15
   -10
    -7
    -3
     0
     4
     8
    11
    13
    17
    19
    23
    25
    27
    29
    31
    33
    35
    36
    38
    40
    41
    40
    41
    40
    41
    41
    42
    41
    42
    42
    41
    42
    42
    41
    41
    40
    39
    38
    38
    38
    38
    38
    37
    38
    38
    38
    38
    37
    37
    38
    38
    38
    40
    38
    40
    41
    43
    44
    44
    46
    47
    48
    49
    51
    53
    53
    55
    55
    58
    59
    61
    62
    64
    64
    65
    66
    66
    65
    63
    57
    51
    41
    29
    14
    -2
   -19
   -36
   -53
   -68
   -84
   -97
  -108
  -119
  -129
  -136
  -143
  -149
  -154
  -159
  -162
  -163
  -166
  -166
  -166
  -164
  -162
  -160
  -156
  -151
  -149
  -144
  -136
  -131
  -125
  -119
  -111
  -105
   -97
   -90
   -83
   -75
   -67
   -58
   -48
   -38
   -30
   -21
   -13
    -5
     0
     6
    10
    13
    14
    14
    15
    13
    11
     9
     5
     3
    -1
    -5
   -10
   -15
   -22
   -25
   -29
   -33
   -37
   -40
   -42
   -46
   -46
   -47
   -48
   -48
   -49
   -47
   -47
   -45
   -44
   -43
   -40
   -38
   -35
   -32
   -29
   -26
   -24
   -19
   -15
   -11
    -8
    -3
     2
     7
    11
    15
    19
    22
    25
    30
    32
    35
    38
    43
    45
    49
    52
    56
    58
    61
    62
    65
    67
    69
    71
    73
    73
    75
    76
    77
    77
    77
    77
    79
    80
    81
    80
    80
    81
    81
    80
    81
    80
    80
    79
    78
    78
    78
    78
    78
    78
    77
    75
    76
    77
    77
    75
    77
    76
    77
    77
    78
    81
    81
    81
    82
    83
    84
    84
    85
    85
    86
    86
    86
    86
    86
    84
    82
    78
    72
    62
    52
    37
    21
     0
   -19
   -38
   -56
   -74
   -89
  -102
  -115
  -125
  -133
  -141
  -150
  -155
  -159
  -163
  -167
  -170
  -171
  -172
  -171
  -172
  -169
  -167
  -163
  -161
  -156
  -151
  -147
  -142
  -135
  -129
  -123
  -118
  -111
  -104
   -98
   -92
   -85
   -78
   -71
   -64
   -57
   -49
   -42
   -36
   -29
   -22
   -17
   -14
   -10
    -7
    -5
    -4
    -4
    -4
    -6
    -9
   -11
   -14
   -17
   -22
   -24
   -29
   -32
   -37
   -40
   -43
   -47
   -50
   -51
   -53
   -54
   -55
   -55
   -55
   -55
   -55
   -53
   -51
   -49
   -48
   -45
   -42
   -41
   -37
   -32
   -27
   -23
   -21
   -16
   -11
    -7
    -5
     0
     5
    10
    14
    19
    22
    26
    28
    33
    36
    39
    41
    44
    48
    50
    51
    55
    59
    61
    62
    66
    67
    67
    68
    70
    71
    70
    69
    70
    71
    69
    68
    69
    69
    68
    68
    69
    70
    70
    68
    69
    70
    68
    67
    68
    67
    67
    65
    66
    68
    68
    67
    68
    68
    69
    69
    71
    72
    73
    73
    76
    78
    78
    79
    82
    84
    85
    85
    87
    87
    87
    88
    90
    91
    90
    89
    87
    82
    74
    63
    52
    35
    16
    -5
   -24
   -43
   -60
   -78
   -90
  -103
  -116
  -125
  -132
  -140
  -147
  -153
  -155
  -159
  -162
  -164
  -163
  -162
  -163
  -162
  -158
  -155
  -152
  -149
  -143
  -139
  -136
  -132
  -125
  -119
  -114
  -108
  -100
   -93
   -87
   -81
   -72
   -64
   -57
   -50
   -41
   -33
   -27
   -21
   -13
    -7
    -4
    -3
     2
     4
     4
     4
     6
     5
     2
    -2
    -3
    -7
   -12
   -17
   -19
   -22
   -27
   -33
   -35
   -38
   -43
   -46
   -46
   -46
   -48
   -49
   -47
   -46
   -46
   -45
   -42
   -40
   -39
   -37
   -33
   -30
   -26
   -23
   -18
   -15
   -12
    -7
    -1
     4
     7
    10
    16
    20
    23
    26
    31
    34
    37
    40
    45
    48
    49
    53
    56
    59
    60
    62
    67
    69
    71
    69
    73
    75
    74
    74
    76
    77
    75
    74
    76
    76
    74
    72
    74
    73
    72
    68
    69
    70
    68
    68
    68
    69
    68
    66
    68
    67
    65
    63
    65
    66
    64
    63
    65
    66
    65
    65
    67
    69
    71
    71
    74
    76
    77
    77
    81
    83
    83
    81
    84
    86
    86
    85
    88
    91
    92
    90
    94
    95
    93
    90
    88
    84
    73
    61
    48
    31
    10
    -9
   -26
   -42
   -59
   -74
   -84
   -95
  -106
  -115
  -121
  -126
  -133
  -138
  -138
  -140
  -142
  -144
  -140
  -138
  -138
  -135
  -130
  -125
  -123
  -118
  -111
  -106
  -101
   -95
   -87
   -81
   -75
   -69
   -60
   -52
   -47
   -38
   -28
   -20
   -13
    -6
     5
    12
    16
    22
    30
    33
    34
    33
    34
    34
    30
    24
    23
    19
    13
     6
     3
    -2
    -9
   -17
   -20
   -23
   -28
   -32
   -33
   -36
   -39
   -42
   -40
   -40
   -42
   -42
   -40
   -37
   -38
   -37
   -33
   -28
   -27
   -25
   -21
   -18
   -14
   -11
    -5
    -1
     1
     5
    10
    15
    17
    20
    27
    30
    34
    36
    41
    45
    47
    49
    54
    57
    57
    60
    64
    68
    68
    69
    73
    74
    74
    75
    79
    81
    79
    80
    84
    84
    83
    84
    85
    86
    83
    81
    82
    81
    79
    77
    79
    79
    77
    76
    78
    78
    75
    73
    76
    76
    75
    75
    77
    79
    77
    77
    79
    80
    77
    76
    79
    80
    80
    79
    82
    82
    80
    80
    82
    82
    78
    73
    69
    62
    50
    35
    21
     5
   -15
   -33
   -47
   -62
   -79
   -93
  -101
  -110
  -122
  -131
  -133
  -138
  -144
  -149
  -148
  -150
  -152
  -152
  -148
  -146
  -145
  -143
  -138
  -131
  -129
  -124
  -116
  -110
  -106
  -101
   -91
   -84
   -80
   -74
   -64
   -55
   -48
   -41
   -29
   -20
   -13
    -5
     6
    13
    18
    22
    28
    32
    30
    31
    32
    30
    26
    21
    20
    16
     9
     3
     1
    -4
   -13
   -19
   -21
   -24
   -31
   -35
   -36
   -39
   -43
   -45
   -43
   -43
   -46
   -46
   -42
   -41
   -43
   -41
   -36
   -33
   -32
   -30
   -24
   -19
   -18
   -15
    -8
    -4
    -2
     1
     7
    12
    14
    18
    26
    30
    32
    34
    41
    44
    45
    47
    54
    58
    59
    60
    65
    67
    66
    67
    72
    73
    71
    71
    76
    79
    77
    77
    81
    82
    79
    78
    80
    80
    77
    75
    78
    79
    75
    73
    76
    74
    71
    70
    73
    73
    69
    68
    70
    71
    67
    66
    68
    69
    66
    65
    68
    70
    68
    69
    72
    74
    71
    72
    78
    81
    79
    78
    82
    83
    81
    81
    85
    85
    82
    81
    85
    85
    81
    77
    76
    70
    55
    39
    23
     3
   -22
   -45
   -63
   -84
  -105
  -123
  -133
  -145
  -159
  -169
  -174
  -180
  -188
  -195
  -194
  -198
  -201
  -203
  -201
  -201
  -203
  -203
  -199
  -195
  -195
  -191
  -183
  -177
  -176
  -171
  -160
  -154
  -150
  -145
  -135
  -126
  -123
  -115
  -105
   -98
   -93
   -87
   -76
   -67
   -63
   -58
   -48
   -42
   -42
   -39
   -33
   -30
   -32
   -34
   -32
   -33
   -38
   -42
   -42
   -45
   -52
   -57
   -59
   -63
   -70
   -74
   -73
   -77
   -83
   -88
   -86
   -87
   -92
   -93
   -91
   -89
   -91
   -91
   -85
   -82
   -85
   -82
   -76
   -72
   -71
   -67
   -60
   -56
   -56
   -54
   -46
   -40
   -39
   -35
   -28
   -22
   -21
   -18
   -11
    -5
    -3
     1
     8
    12
    12
    13
    20
    23
    23
    24
    30
    33
    31
    31
    35
    37
    35
    35
    38
    39
    36
    35
    39
    41
    38
    36
    38
    39
    37
    34
    37
    37
    34
    32
    35
    35
    31
    29
    31
    33
    28
    27
    30
    32
    28
    27
    31
    32
    29
    28
    31
    33
    31
    30
    34
    37
    34
    35
    40
    43
    42
    43
    48
    52
    51
    52
    56
    59
    56
    57
    62
    64
    62
    61
    66
    66
    62
    61
    64
    61
    51
    40
    30
    14
    -9
   -31
   -50
   -71
   -95
  -115
  -128
  -141
  -157
  -170
  -177
  -186
  -196
  -204
  -205
  -209
  -215
  -218
  -217
  -215
  -219
  -218
  -212
  -208
  -210
  -207
  -197
  -192
  -190
  -184
  -175
  -167
  -166
  -160
  -149
  -141
  -137
  -131
  -121
  -112
  -107
  -100
   -87
   -78
   -73
   -65
   -55
   -45
   -44
   -40
   -33
   -29
   -31
   -31
   -27
   -28
   -34
   -37
   -36
   -39
   -48
   -54
   -53
   -57
   -65
   -69
   -70
   -74
   -81
   -85
   -84
   -87
   -92
   -93
   -91
   -90
   -96
   -96
   -92
   -89
   -91
   -91
   -87
   -82
   -83
   -81
   -74
   -69
   -70
   -68
   -61
   -55
   -55
   -52
   -42
   -38
   -39
   -35
   -27
   -21
   -21
   -18
   -10
    -5
    -5
    -2
     4
     9
     9
    10
    16
    19
    17
    19
    24
    27
    26
    25
    30
    33
    31
    29
    31
    34
    31
    30
    34
    36
    32
    32
    35
    34
    28
    27
    30
    32
    26
    25
    30
    30
    25
    25
    29
    30
    25
    23
    27
    29
    25
    23
    27
    29
    26
    25
    30
    31
    29
    29
    33
    37
    36
    36
    42
    45
    43
    43
    47
    50
    48
    48
    54
    56
    54
    55
    60
    63
    60
    60
    63
    65
    59
    54
    52
    44
    27
    11
    -3
   -20
   -44
   -64
   -78
   -94
  -114
  -127
  -136
  -145
  -157
  -166
  -169
  -173
  -181
  -186
  -185
  -185
  -190
  -191
  -187
  -182
  -183
  -182
  -174
  -168
  -167
  -163
  -152
  -145
  -142
  -137
  -127
  -117
  -114
  -107
   -95
   -85
   -78
   -72
   -58
   -47
   -43
   -35
   -25
   -16
   -13
   -10
    -2
     1
    -2
    -3
    -1
    -1
   -10
   -15
   -15
   -19
   -28
   -36
   -37
   -41
   -51
   -56
   -57
   -60
   -69
   -73
   -72
   -72
   -79
   -81
   -78
   -77
   -80
   -81
   -75
   -73
   -76
   -75
   -68
   -65
   -67
   -65
   -57
   -53
   -54
   -51
   -44
   -38
   -37
   -35
   -26
   -21
   -22
   -19
   -11
    -5
    -6
    -3
     4
     8
     8
    10
    17
    23
    21
    23
    30
    33
    29
    31
    38
    41
    38
    39
    45
    47
    42
    42
    47
    49
    45
    44
    48
    49
    44
    43
    47
    48
    43
    41
    45
    45
    39
    38
    41
    42
    37
    36
    40
    41
    37
    36
    39
    41
    37
    36
    40
    42
    38
    37
    41
    42
    38
    37
    42
    43
    39
    38
    41
    43
    37
    32
    33
    27
    13
     0
   -10
   -25
   -47
   -65
   -78
   -93
  -113
  -128
  -135
  -146
  -159
  -170
  -172
  -178
  -188
  -194
  -192
  -194
  -200
  -201
  -196
  -194
  -197
  -196
  -190
  -184
  -184
  -180
  -171
  -163
  -164
  -156
  -146
  -137
  -134
  -128
  -116
  -107
  -104
   -97
   -85
   -74
   -69
   -61
   -50
   -40
   -36
   -33
   -23
   -17
   -19
   -19
   -15
   -14
   -20
   -24
   -22
   -24
   -32
   -38
   -39
   -43
   -53
   -58
   -59
   -60
   -70
   -74
   -73
   -74
   -82
   -85
   -82
   -82
   -87
   -87
   -81
   -78
   -81
   -79
   -74
   -68
   -70
   -67
   -59
   -53
   -53
   -50
   -43
   -36
   -36
   -34
   -25
   -20
   -19
   -15
    -6
    -1
     0
     2
     9
    14
    12
    13
    20
    25
    22
    23
    31
    34
    32
    32
    39
    42
    39
    40
    45
    48
    45
    44
    49
    50
    46
    46
    51
    51
    45
    44
    48
    50
    45
    44
    48
    49
    44
    42
    46
    46
    42
    40
    44
    44
    38
    37
    40
    41
    37
    36
    39
    41
    35
    35
    40
    42
    39
    39
    45
    48
    45
    44
    48
    50
    47
    47
    51
    53
    49
    49
    52
    53
    48
    45
    48
    45
    34
    23
    12
    -2
   -27
   -48
   -68
   -86
  -111
  -131
  -142
  -155
  -172
  -185
  -192
  -200
  -211
  -219
  -221
  -224
  -233
  -237
  -235
  -235
  -240
  -240
  -235
  -231
  -232
  -230
  -223
  -217
  -216
  -210
  -202
  -194
  -193
  -188
  -178
  -170
  -168
  -163
  -153
  -145
  -143
  -137
  -126
  -117
  -112
  -105
   -95
   -87
   -85
   -80
   -72
   -68
   -70
   -70
   -66
   -65
   -70
   -72
   -71
   -73
   -81
   -84
   -84
   -86
   -94
   -98
   -99
   -99
  -106
  -110
  -108
  -110
  -115
  -117
  -115
  -113
  -118
  -118
  -114
  -113
  -116
  -115
  -108
  -105
  -107
  -104
   -98
   -91
   -92
   -89
   -82
   -75
   -75
   -72
   -63
   -58
   -58
   -54
   -47
   -42
   -43
   -39
   -32
   -26
   -25
   -23
   -17
   -13
   -14
   -12
    -7
    -3
    -5
    -3
     2
     5
     1
     3
     7
     7
     4
     3
     7
     7
     3
     2
     6
     4
    -1
    -4
    -1
    -2
    -7
    -8
    -6
    -5
    -8
    -8
    -6
    -4
    -8
    -9
    -5
    -4
    -8
    -8
    -3
    -1
    -4
    -3
     1
     3
     0
     2
     7
     8
     6
     8
    13
    15
    13
    15
    20
    23
    23
    26
    31
    33
    31
    33
    37
    38
    36
    38
    41
    42
    38
    39
    40
    39
    33
    27
    20
     8
   -12
   -30
   -49
   -68
   -92
  -110
  -125
  -142
  -158
  -172
  -181
  -189
  -201
  -208
  -212
  -217
  -226
  -228
  -229
  -230
  -235
  -235
  -233
  -231
  -232
  -229
  -223
  -219
  -217
  -212
  -206
  -201
  -196
  -191
  -181
  -175
  -172
  -164
  -155
  -147
  -142
  -134
  -123
  -116
  -110
  -101
   -92
   -86
   -82
   -76
   -70
   -66
   -67
   -63
   -61
   -61
   -64
   -64
   -65
   -68
   -72
   -74
   -75
   -78
   -84
   -88
   -90
   -94
  -100
  -102
  -103
  -106
  -111
  -110
  -110
  -111
  -114
  -112
  -109
  -107
  -109
  -107
  -103
  -100
  -100
   -97
   -91
   -89
   -89
   -83
   -76
   -72
   -71
   -66
   -60
   -57
   -55
   -50
   -44
   -39
   -38
   -33
   -28
   -24
   -23
   -19
   -15
   -12
   -12
    -8
    -4
    -1
    -2
     3
     6
     8
     7
    10
    13
    14
    15
    17
    18
    18
    17
    19
    21
    20
    18
    19
    20
    19
    15
    16
    18
    18
    16
    17
    18
    17
    15
    16
    18
    17
    15
    17
    17
    18
    16
    18
    20
    19
    18
    19
    22
    21
    20
    23
    25
    25
    23
    26
    28
    30
    29
    32
    34
    34
    34
    37
    39
    40
    39
    43
    45
    46
    44
    47
    49
    47
    41
    38
    31
    20
     5
    -8
   -24
   -43
   -61
   -77
   -92
  -107
  -123
  -133
  -143
  -154
  -163
  -168
  -175
  -180
  -186
  -189
  -189
  -192
  -195
  -192
  -189
  -188
  -188
  -182
  -179
  -175
  -172
  -165
  -158
  -154
  -150
  -142
  -134
  -128
  -123
  -114
  -105
   -98
   -92
   -82
   -72
   -65
   -56
   -48
   -41
   -35
   -32
   -25
   -23
   -21
   -22
   -20
   -19
   -23
   -27
   -29
   -32
   -37
   -43
   -46
   -50
   -56
   -61
   -64
   -67
   -71
   -76
   -77
   -79
   -81
   -83
   -82
   -82
   -84
   -85
   -83
   -81
   -81
   -80
   -76
   -73
   -71
   -69
   -64
   -60
   -58
   -55
   -50
   -45
   -43
   -40
   -34
   -30
   -26
   -23
   -17
   -11
    -9
    -7
    -1
     1
     4
     5
    11
    15
    17
    17
    22
    25
    25
    26
    30
    32
    33
    33
    38
    39
    39
    38
    42
    43
    41
    42
    45
    45
    44
    42
    46
    46
    45
    43
    45
    45
    43
    42
    43
    44
    40
    38
    40
    40
    39
    38
    40
    38
    37
    38
    39
    41
    40
    40
    42
    41
    40
    40
    43
    43
    42
    43
    46
    47
    47
    46
    48
    44
    39
    34
    26
    14
    -2
   -19
   -35
   -50
   -71
   -88
  -100
  -115
  -128
  -140
  -147
  -156
  -164
  -170
  -172
  -177
  -182
  -185
  -184
  -184
  -186
  -186
  -183
  -180
  -179
  -176
  -170
  -164
  -161
  -157
  -148
  -143
  -138
  -131
  -121
  -114
  -109
  -101
   -91
   -84
   -77
   -70
   -58
   -50
   -44
   -36
   -25
   -21
   -17
   -14
    -8
    -8
    -8
   -10
    -8
   -11
   -16
   -19
   -21
   -25
   -32
   -37
   -39
   -44
   -50
   -55
   -56
   -60
   -63
   -67
   -67
   -67
   -71
   -72
   -69
   -68
   -69
   -69
   -65
   -64
   -65
   -65
   -60
   -59
   -57
   -55
   -48
   -45
   -43
   -41
   -32
   -29
   -26
   -21
   -15
   -11
    -9
    -7
    -1
     3
     4
     7
    15
    19
    19
    21
    27
    31
    32
    36
    41
    43
    43
    44
    49
    49
    48
    51
    54
    53
    52
    51
    55
    54
    53
    52
    54
    53
    51
    51
    53
    52
    49
    51
    52
    51
    51
    50
    52
    51
    49
    47
    50
    49
    47
    46
    50
    50
    48
    48
    52
    54
    52
    52
    56
    58
    56
    56
    60
    61
    59
    59
    63
    62
    61
    61
    64
    63
    58
    55
    52
    42
    28
    12
    -3
   -23
   -45
   -64
   -80
   -99
  -115
  -129
  -138
  -149
  -162
  -169
  -174
  -181
  -189
  -194
  -195
  -198
  -203
  -204
  -202
  -201
  -201
  -199
  -193
  -191
  -189
  -184
  -176
  -171
  -167
  -161
  -153
  -147
  -143
  -136
  -127
  -120
  -117
  -110
  -100
   -93
   -87
   -79
   -69
   -63
   -57
   -50
   -41
   -36
   -34
   -31
   -26
   -26
   -27
   -27
   -25
   -26
   -31
   -33
   -34
   -37
   -42
   -46
   -48
   -52
   -57
   -59
   -58
   -62
   -66
   -67
   -65
   -67
   -71
   -71
   -67
   -68
   -69
   -68
   -63
   -62
   -62
   -59
   -52
   -49
   -48
   -45
   -37
   -33
   -32
   -28
   -22
   -18
   -15
   -11
    -4
    -1
     0
     5
    11
    14
    16
    21
    28
    30
    30
    33
    39
    42
    43
    44
    48
    49
    50
    51
    56
    57
    55
    57
    60
    59
    57
    56
    59
    57
    56
    57
    59
    60
    56
    56
    60
    58
    56
    56
    59
    57
    55
    55
    59
    57
    54
    54
    57
    57
    55
    56
    60
    62
    60
    60
    64
    65
    64
    68
    72
    71
    71
    72
    77
    78
    76
    78
    81
    79
    79
    80
    85
    84
    82
    81
    84
    80
    72
    64
    56
    42
    22
     4
   -13
   -34
   -54
   -72
   -84
   -97
  -112
  -123
  -131
  -140
  -150
  -157
  -159
  -164
  -170
  -173
  -171
  -171
  -174
  -174
  -170
  -168
  -167
  -165
  -157
  -154
  -151
  -147
  -139
  -134
  -131
  -124
  -115
  -109
  -104
   -97
   -87
   -83
   -76
   -68
   -57
   -50
   -44
   -36
   -26
   -20
   -17
   -13
    -6
    -4
    -5
    -4
    -1
    -3
    -6
    -8
    -8
   -13
   -18
   -21
   -21
   -26
   -32
   -34
   -35
   -38
   -44
   -47
   -46
   -49
   -53
   -55
   -53
   -55
   -57
   -55
   -52
   -53
   -53
   -51
   -45
   -43
   -41
   -38
   -32
   -30
   -29
   -25
   -18
   -16
   -14
   -10
    -3
    -1
     1
     6
    12
    16
    16
    19
    25
    26
    27
    32
    37
    39
    40
    41
    46
    48
    46
    49
    53
    52
    52
    53
    58
    58
    56
    57
    60
    59
    58
    57
    61
    59
    56
    56
    60
    59
    56
    56
    59
    58
    55
    55
    59
    57
    55
    56
    58
    56
    54
    54
    57
    57
    55
    57
    62
    61
    61
    60
    65
    66
    65
    66
    71
    71
    70
    72
    77
    76
    75
    77
    81
    81
    80
    80
    85
    85
    84
    85
    90
    91
    89
    89
    93
    92
    87
    83
    80
    69
    54
    38
    26
     8
   -16
   -34
   -50
   -67
   -85
   -98
  -106
  -118
  -129
  -137
  -139
  -146
  -152
  -157
  -156
  -160
  -162
  -163
  -160
  -159
  -160
  -157
  -151
  -147
  -145
  -139
  -129
  -125
  -120
  -113
  -103
   -97
   -93
   -85
   -74
   -67
   -61
   -53
   -41
   -32
   -25
   -16
    -4
     2
     5
    11
    17
    18
    18
    19
    22
    18
    13
    10
     9
     4
    -2
    -6
    -8
   -15
   -22
   -26
   -26
   -30
   -37
   -40
   -40
   -44
   -48
   -49
   -47
   -50
   -52
   -50
   -46
   -47
   -47
   -45
   -40
   -38
   -39
   -36
   -30
   -28
   -26
   -23
   -16
   -13
   -12
    -8
    -1
     2
     4
     8
    16
    18
    19
    22
    28
    31
    32
    36
    42
    43
    44
    46
    51
    52
    51
    53
    59
    58
    58
    60
    64
    64
    63
    63
    66
    66
    63
    65
    69
    69
    65
    65
    67
    67
    64
    63
    67
    65
    62
    61
    64
    63
    61
    60
    64
    64
    61
    62
    67
    67
    65
    66
    70
    67
    65
    65
    68
    68
    65
    66
    70
    68
    65
    68
    72
    71
    68
    67
    68
    61
    56
    49
    42
    30
    12
    -4
   -17
   -34
   -53
   -68
   -79
   -94
  -107
  -116
  -122
  -131
  -140
  -145
  -145
  -149
  -154
  -156
  -153
  -153
  -155
  -154
  -149
  -147
  -147
  -144
  -136
  -131
  -128
  -123
  -114
  -110
  -105
   -98
   -86
   -79
   -74
   -63
   -52
   -45
   -38
   -27
   -16
    -9
    -3
     4
    13
    16
    17
    20
    25
    23
    20
    18
    19
    14
     8
     4
     2
    -3
   -11
   -16
   -18
   -26
   -33
   -36
   -37
   -40
   -46
   -49
   -47
   -49
   -53
   -53
   -50
   -50
   -53
   -51
   -47
   -47
   -47
   -45
   -40
   -39
   -38
   -34
   -28
   -25
   -24
   -21
   -16
   -12
   -11
    -8
     0
     3
     5
     8
    14
    17
    18
    23
    29
    29
    30
    34
    40
    41
    41
    42
    47
    47
    46
    47
    52
    52
    52
    52
    57
    57
    57
    58
    62
    62
    60
    60
    63
    64
    61
    59
    62
    61
    57
    57
    60
    58
    55
    55
    58
    57
    54
    55
    57
    55
    53
    52
    55
    55
    52
    52
    56
    56
    55
    56
    59
    58
    57
    57
    61
    58
    56
    58
    60
    58
    56
    57
    57
    51
    43
    35
    26
    11
    -9
   -29
   -46
   -66
   -88
  -105
  -118
  -135
  -150
  -160
  -166
  -175
  -185
  -190
  -193
  -197
  -202
  -204
  -201
  -203
  -205
  -204
  -199
  -196
  -197
  -192
  -185
  -182
  -179
  -174
  -165
  -159
  -156
  -150
  -140
  -135
  -131
  -123
  -113
  -107
  -101
   -93
   -81
   -74
   -69
   -61
   -50
   -44
   -41
   -36
   -29
   -27
   -28
   -29
   -25
   -29
   -33
   -35
   -35
   -39
   -44
   -48
   -48
   -54
   -60
   -64
   -65
   -69
   -75
   -77
   -77
   -79
   -84
   -84
   -82
   -83
   -85
   -84
   -79
   -78
   -79
   -76
   -70
   -69
   -67
   -63
   -57
   -54
   -53
   -49
   -42
   -39
   -37
   -33
   -24
   -21
   -20
   -16
    -8
    -6
    -4
     0
     7
     9
    11
    14
    21
    23
    24
    26
    32
    34
    33
    36
    42
    43
    41
    42
    47
    47
    45
    46
    49
    49
    46
    46
    50
    49
    47
    46
    50
    48
    45
    47
    49
    48
    45
    44
    47
    46
    43
    43
    46
    46
    43
    44
    47
    45
    44
    45
    50
    48
    46
    47
    51
    52
    50
    52
    57
    57
    56
    58
    62
    63
    62
    65
    69
    71
    70
    72
    78
    79
    78
    79
    83
    82
    81
    83
    87
    87
    84
    84
    87
    83
    77
    72
    66
    51
    32
    12
    -8
   -32
   -57
   -77
   -94
  -112
  -129
  -142
  -151
  -161
  -173
  -180
  -184
  -190
  -197
  -200
  -200
  -203
  -206
  -206
  -202
  -202
  -202
  -200
  -192
  -189
  -186
  -181
  -172
  -167
  -163
  -156
  -146
  -141
  -136
  -129
  -119
  -115
  -110
  -102
   -93
   -84
   -79
   -72
   -61
   -54
   -50
   -42
   -34
   -29
   -28
   -26
   -21
   -21
   -23
   -25
   -22
   -27
   -30
   -32
   -31
   -36
   -42
   -44
   -44
   -49
   -53
   -56
   -54
   -59
   -63
   -64
   -61
   -63
   -65
   -66
   -62
   -61
   -63
   -62
   -57
   -54
   -56
   -52
   -46
   -44
   -42
   -41
   -32
   -29
   -27
   -23
   -15
   -12
   -10
    -4
     3
     5
     8
    11
    19
    22
    24
    28
    34
    36
    36
    38
    44
    44
    46
    47
    52
    53
    52
    53
    57
    58
    57
    57
    62
    62
    60
    60
    64
    65
    61
    61
    65
    62
    60
    61
    63
    61
    58
    59
    62
    60
    59
    59
    61
    60
    57
    57
    59
    59
    56
    58
    61
    61
    58
    59
    62
    63
    61
    62
    65
    65
    64
    66
    71
    71
    71
    72
    77
    77
    75
    78
    84
    85
    85
    86
    92
    92
    92
    93
    97
    99
    96
    96
   100
    99
    99
   101
   105
   105
   101
   102
   103
    98
    89
    79
    69
    51
    29
     6
   -13
   -36
   -58
   -76
   -91
  -107
  -122
  -134
  -140
  -150
  -157
  -164
  -166
  -169
  -175
  -177
  -175
  -176
  -178
  -178
  -173
  -170
  -170
  -166
  -159
  -155
  -150
  -143
  -132
  -126
  -120
  -113
  -104
   -98
   -93
   -85
   -74
   -69
   -64
   -56
   -45
   -39
   -33
   -25
   -14
    -9
    -6
    -2
     4
     6
     4
     3
     5
     3
    -2
    -6
    -7
   -12
   -19
   -23
   -26
   -31
   -37
   -41
   -43
   -47
   -53
   -56
   -56
   -59
   -62
   -63
   -61
   -62
   -64
   -62
   -58
   -57
   -57
   -55
   -50
   -48
   -46
   -43
   -37
   -33
   -32
   -28
   -22
   -20
   -18
   -14
    -8
    -6
    -4
     1
     8
    13
    14
    18
    25
    27
    29
    31
    37
    39
    40
    42
    46
    47
    47
    49
    54
    54
    53
    55
    58
    57
    56
    57
    61
    60
    59
    60
    62
    61
    59
    59
    60
    59
    56
    55
    58
    56
    54
    54
    57
    55
    53
    51
    54
    54
    52
    53
    55
    55
    53
    54
    57
    57
    56
    56
    60
    60
    60
    61
    65
    66
    65
    66
    71
    71
    70
    71
    76
    77
    76
    76
    80
    81
    78
    77
    79
    75
    68
    60
    52
    37
    21
     5
    -9
   -26
   -45
   -62
   -73
   -87
   -99
  -110
  -115
  -124
  -132
  -136
  -138
  -141
  -145
  -144
  -142
  -142
  -144
  -142
  -137
  -134
  -133
  -129
  -121
  -117
  -113
  -108
   -99
   -94
   -88
   -80
   -69
   -61
   -54
   -45
   -33
   -25
   -18
    -9
     4
    12
    17
    24
    33
    37
    39
    39
    42
    42
    37
    36
    34
    31
    24
    20
    18
    12
     5
    -1
    -4
   -10
   -16
   -20
   -22
   -25
   -29
   -31
   -28
   -30
   -34
   -34
   -31
   -30
   -32
   -29
   -27
   -26
   -25
   -22
   -18
   -15
   -14
   -10
    -3
    -1
     1
     4
    12
    16
    18
    21
    28
    31
    35
    39
    46
    47
    49
    52
    59
    60
    62
    64
    69
    71
    72
    75
    80
    80
    80
    82
    88
    88
    88
    89
    92
    91
    91
    91
    93
    94
    92
    91
    92
    91
    90
    89
    92
    90
    87
    87
    90
    89
    86
    85
    87
    85
    83
    84
    86
    85
    84
    86
    89
    88
    89
    90
    93
    93
    93
    93
    95
    92
    91
    93
    96
    95
    94
    95
    99
   100
    97
    96
    95
    90
    81
    71
    59
    41
    19
    -2
   -20
   -40
   -59
   -74
   -85
   -97
  -110
  -117
  -122
  -130
  -136
  -142
  -143
  -146
  -148
  -146
  -143
  -143
  -143
  -140
  -134
  -131
  -128
  -123
  -116
  -112
  -107
  -101
   -92
   -87
   -81
   -74
   -64
   -57
   -51
   -44
   -33
   -25
   -21
   -13
    -3
     7
    13
    19
    29
    34
    37
    41
    45
    46
    44
    44
    43
    40
    34
    31
    28
    23
    16
    10
     6
     0
    -6
   -11
   -14
   -19
   -24
   -27
   -27
   -30
   -32
   -33
   -31
   -31
   -32
   -32
   -28
   -25
   -25
   -23
   -18
   -14
   -11
    -8
    -2
     1
     4
     9
    16
    20
    24
    28
    35
    38
    40
    43
    50
    53
    55
    59
    66
    69
    72
    77
    82
    85
    87
    89
    93
    94
    94
    96
    98
    97
    96
    98
    98
    99
    98
    97
    99
    99
    98
    97
    98
    97
    95
    96
    95
    94
    92
    89
    91
    90
    87
    87
    89
    86
    85
    83
    86
    84
    83
    84
    86
    85
    84
    83
    86
    84
    83
    83
    86
    86
    87
    86
    89
    91
    92
    93
    97
    98
    99
   100
   103
   106
   105
   106
   108
   107
   107
   108
   111
   110
   108
   106
   104
    97
    86
    73
    57
    35
    11
   -14
   -37
   -58
   -80
   -97
  -112
  -126
  -138
  -148
  -154
  -161
  -167
  -172
  -173
  -178
  -179
  -179
  -177
  -176
  -175
  -173
  -169
  -166
  -164
  -159
  -153
  -149
  -144
  -137
  -130
  -124
  -120
  -111
  -103
   -97
   -91
   -85
   -77
   -73
   -66
   -59
   -52
   -46
   -39
   -31
   -23
   -17
   -12
    -7
    -2
     0
     0
     0
     2
     0
    -2
    -5
    -6
   -11
   -16
   -20
   -24
   -29
   -35
   -41
   -43
   -47
   -52
   -56
   -57
   -58
   -61
   -63
   -63
   -63
   -63
   -62
   -60
   -60
   -57
   -54
   -51
   -49
   -46
   -42
   -38
   -36
   -32
   -28
   -22
   -19
   -15
   -12
    -5
    -2
     1
     4
    11
    13
    17
    21
    26
    30
    32
    36
    40
    42
    43
    45
    48
    49
    49
    51
    54
    55
    55
    56
    59
    58
    58
    58
    59
    59
    57
    58
    59
    56
    57
    57
    58
    57
    55
    54
    54
    52
    52
    50
    51
    50
    49
    50
    49
    47
    46
    45
    48
    47
    47
    48
    49
    49
    48
    50
    53
    53
    53
    54
    57
    58
    58
    60
    63
    65
    67
    68
    71
    72
    73
    73
    77
    78
    78
    79
    81
    80
    80
    81
    84
    83
    81
    79
    74
    64
    51
    35
    16
    -8
   -30
   -53
   -74
   -93
  -111
  -126
  -138
  -150
  -160
  -168
  -173
  -179
  -184
  -186
  -187
  -188
  -189
  -188
  -185
  -185
  -181
  -177
  -172
  -167
  -163
  -157
  -149
  -144
  -137
  -130
  -122
  -116
  -108
  -101
   -92
   -85
   -78
   -71
   -62
   -56
   -47
   -38
   -29
   -22
   -14
    -7
    -1
     3
     7
     9
    10
     8
     7
     5
     2
    -4
    -9
   -14
   -20
   -28
   -34
   -42
   -46
   -52
   -58
   -62
   -65
   -70
   -72
   -75
   -76
   -78
   -79
   -77
   -77
   -78
   -76
   -74
   -70
   -68
   -65
   -61
   -58
   -56
   -52
   -48
   -43
   -41
   -37
   -33
   -28
   -24
   -20
   -17
   -13
    -9
    -5
     0
     5
     8
    12
    15
    18
    22
    26
    27
    30
    32
    35
    37
    41
    41
    43
    45
    47
    47
    47
    47
    47
    47
    47
    48
    48
    47
    46
    45
    45
    43
    44
    42
    41
    40
    39
    39
    39
    38
    37
    39
    39
    38
    38
    39
    40
    40
    40
    40
    41
    40
    41
    42
    42
    41
    42
    43
    44
    45
    47
    45
    47
    48
    49
    50
    49
    49
    48
    44
    40
    30
    19
     6
   -10
   -28
   -45
   -64
   -82
   -99
  -112
  -125
  -135
  -147
  -155
  -162
  -167
  -172
  -174
  -177
  -178
  -180
  -180
  -178
  -177
  -175
  -172
  -168
  -165
  -160
  -154
  -149
  -142
  -137
  -130
  -123
  -116
  -110
  -103
   -94
   -85
   -79
   -68
   -56
   -46
   -39
   -29
   -21
   -11
    -5
     1
     6
    10
    11
    12
    12
    11
     8
     5
     1
    -3
    -9
   -14
   -21
   -27
   -33
   -39
   -46
   -51
   -56
   -61
   -65
   -69
   -73
   -75
   -77
   -77
   -79
   -78
   -78
   -77
   -76
   -74
   -71
   -70
   -68
   -64
   -61
   -58
   -55
   -51
   -48
   -44
   -40
   -35
   -30
   -26
   -23
   -18
   -14
    -9
    -5
    -1
     3
     6
     9
    13
    16
    20
    21
    26
    28
    32
    34
    36
    39
    40
    41
    43
    43
    45
    44
    46
    48
    47
    46
    46
    47
    48
    46
    48
    48
    47
    46
    45
    45
    44
    42
    42
    42
    41
    39
    39
    38
    37
    37
    37
    37
    36
    35
    35
    35
    36
    36
    37
    38
    38
    38
    40
    41
    42
    43
    45
    47
    48
    50
    52
    52
    53
    54
    56
    57
    57
    56
    58
    58
    57
    52
    48
    40
    27
    10
    -9
   -30
   -54
   -77
   -98
  -119
  -136
  -153
  -165
  -176
  -186
  -196
  -201
  -207
  -212
  -215
  -216
  -217
  -220
  -221
  -220
  -219
  -218
  -216
  -213
  -210
  -207
  -202
  -197
  -193
  -187
  -181
  -174
  -167
  -161
  -154
  -146
  -139
  -134
  -128
  -119
  -113
  -107
  -100
   -92
   -85
   -78
   -71
   -63
   -58
   -55
   -54
   -51
   -50
   -51
   -52
   -54
   -55
   -59
   -63
   -66
   -72
   -76
   -81
   -83
   -89
   -94
   -99
  -101
  -104
  -106
  -110
  -112
  -114
  -116
  -117
  -116
  -115
  -115
  -115
  -110
  -108
  -106
  -104
  -100
   -95
   -93
   -89
   -84
   -79
   -73
   -69
   -63
   -57
   -53
   -50
   -44
   -40
   -37
